6491 9 0 270.2 362.5
6491 9 17 270.2 362.5
6491 9 33 270.2 362.5
6491 9 49 270.2 362.5
6491 9 67 270.2 362.5
6491 9 83 270.2 362.5
6491 9 100 268.25 357.7
6491 9 116 266.35 350
6491 9 133 263.45 337.5
6491 9 150 258.65 321.15
6491 9 166 255.75 307.7
6491 9 183 255.75 293.25
6491 9 200 255.75 279.8
6491 9 217 263.45 257.7
6491 9 232 272.1 236.55
6491 9 250 280.75 213.45
6491 9 267 291.35 196.15
6491 9 283 297.1 183.65
6491 9 299 301.9 173.1
6491 9 317 304.8 163.45
6491 9 333 306.75 160.6
6491 9 350 306.75 158.65
6491 9 366 306.75 156.75
6491 9 383 306.75 156.75
6491 9 400 306.75 155.75
6491 9 416 307.7 155.75
6491 9 433 307.7 154.8
6491 9 450 308.65 153.85
6491 9 467 309.6 152.9
6491 9 482 309.6 152.9
6491 9 500 309.6 152.9
6491 9 517 309.6 152.9
6491 9 533 311.55 152.9
6491 9 549 315.4 152.9
6491 9 567 327.9 150.95
6491 9 583 344.25 146.15
6491 9 600 366.35 139.4
6491 9 616 388.45 131.75
6491 9 633 409.6 124.05
6491 9 650 425 117.3
6491 9 666 435.6 111.55
6491 9 683 440.4 106.75
6491 9 700 444.25 101.9
6491 9 717 450 93.25
6491 9 732 453.85 88.45
6491 9 750 456.75 84.6
6491 9 767 459.6 82.7
6491 9 783 461.55 80.75
6491 9 799 461.55 79.8
6491 9 817 462.5 78.85
6491 9 833 462.5 78.85
6491 9 850 462.5 77.9
6491 9 866 462.5 77.9
6491 9 883 462.5 77.9
6491 9 900 462.5 77.9
6491 9 916 462.5 77.9
6491 9 933 462.5 77.9
6491 9 950 462.5 77.9
6491 9 967 462.5 77.9
6491 9 982 462.5 77.9
6491 9 1000 462.5 77.9
6491 9 1017 462.5 77.9
6491 9 1033 462.5 77.9
6491 9 1049 462.5 77.9
6491 9 1067 462.5 77.9
6491 9 1083 462.5 77.9
6491 9 1100 462.5 77.9
6491 9 1116 462.5 77.9
6491 9 1133 462.5 77.9
6491 9 1150 462.5 77.9
6491 9 1166 462.5 77.9
6491 9 1183 462.5 77.9
6491 9 1200 460.6 77.9
6491 9 1217 452.9 79.8
6491 9 1232 446.15 82.7
6491 9 1250 438.45 83.65
6491 9 1267 429.8 85.6
6491 9 1283 414.4 89.4
6491 9 1299 397.1 92.3
6491 9 1317 359.6 98.1
6491 9 1333 332.7 100
6491 9 1350 306.75 100
6491 9 1366 283.65 100
6491 9 1383 258.65 100
6491 9 1400 230.75 98.1
6491 9 1416 207.7 98.1
6491 9 1433 187.5 96.15
6491 9 1450 167.3 95.2
6491 9 1467 142.3 92.3
6491 9 1482 128.85 91.35
6491 9 1500 118.25 90.4
6491 9 1517 111.55 89.4
6491 9 1533 106.75 88.45
6491 9 1549 105.75 87.5
6491 9 1567 104.8 87.5
6491 9 1583 104.8 87.5
6491 9 1600 104.8 87.5
6491 9 1616 103.85 87.5
6491 9 1633 103.85 87.5
6491 9 1650 103.85 87.5
6491 9 1666 103.85 87.5
6491 9 1683 103.85 87.5
6491 9 1700 103.85 87.5
6491 9 1717 103.85 87.5
6491 9 1732 103.85 87.5
6491 9 1750 103.85 87.5
6491 9 1767 103.85 87.5
6491 9 1783 103.85 87.5